 1.96425000e+03 NaN
 1.96450000e+03 NaN
 1.96475000e+03 NaN
 1.96500000e+03 NaN
 1.96525000e+03 NaN
 1.96550000e+03 NaN
 1.96575000e+03 NaN
 1.96600000e+03 NaN
 1.96625000e+03 NaN
 1.96650000e+03 NaN
 1.96675000e+03 NaN
 1.96700000e+03 NaN
 1.96725000e+03 NaN
 1.96750000e+03 NaN
 1.96775000e+03 NaN
 1.96800000e+03 NaN
 1.96825000e+03 NaN
 1.96850000e+03 NaN
 1.96875000e+03 NaN
 1.96900000e+03 NaN
 1.96925000e+03 NaN
 1.96950000e+03 NaN
 1.96975000e+03 NaN
 1.97000000e+03 NaN
 1.97025000e+03 NaN
 1.97050000e+03 NaN
 1.97075000e+03 NaN
 1.97100000e+03 NaN
 1.97125000e+03 NaN
 1.97150000e+03 NaN
 1.97175000e+03 NaN
 1.97200000e+03 NaN
 1.97225000e+03 NaN
 1.97250000e+03 NaN
 1.97275000e+03 NaN
 1.97300000e+03 NaN
 1.97325000e+03 NaN
 1.97350000e+03 NaN
 1.97375000e+03 NaN
 1.97400000e+03 NaN
 1.97425000e+03 NaN
 1.97450000e+03 NaN
 1.97475000e+03 NaN
 1.97500000e+03 NaN
 1.97525000e+03 NaN
 1.97550000e+03 NaN
 1.97575000e+03 NaN
 1.97600000e+03 NaN
 1.97625000e+03 NaN
 1.97650000e+03 NaN
 1.97675000e+03 NaN
 1.97700000e+03 NaN
 1.97725000e+03 NaN
 1.97750000e+03 NaN
 1.97775000e+03 NaN
 1.97800000e+03 NaN
 1.97825000e+03 NaN
 1.97850000e+03 NaN
 1.97875000e+03 NaN
 1.97900000e+03 NaN
 1.97925000e+03 NaN
 1.97950000e+03 NaN
 1.97975000e+03 6.40000000e+00
 1.98000000e+03 NaN
 1.98025000e+03 7.35000000e+00
 1.98050000e+03 NaN
 1.98075000e+03 7.75000000e+00
 1.98100000e+03 NaN
 1.98125000e+03 7.30000000e+00
 1.98150000e+03 NaN
 1.98175000e+03 6.55000000e+00
 1.98200000e+03 NaN
 1.98225000e+03 5.20000000e+00
 1.98250000e+03 NaN
 1.98275000e+03 5.15000000e+00
 1.98300000e+03 4.80000000e+00
 1.98325000e+03 NaN
 1.98350000e+03 NaN
 1.98375000e+03 4.70000000e+00
 1.98400000e+03 5.10000000e+00
 1.98425000e+03 NaN
 1.98450000e+03 NaN
 1.98475000e+03 4.70000000e+00
 1.98500000e+03 3.85000000e+00
 1.98525000e+03 NaN
 1.98550000e+03 NaN
 1.98575000e+03 4.05000000e+00
 1.98600000e+03 3.50000000e+00
 1.98625000e+03 NaN
 1.98650000e+03 NaN
 1.98675000e+03 3.50000000e+00
 1.98700000e+03 3.70000000e+00
 1.98725000e+03 NaN
 1.98750000e+03 NaN
 1.98775000e+03 4.00000000e+00
 1.98800000e+03 3.80000000e+00
 1.98825000e+03 NaN
 1.98850000e+03 NaN
 1.98875000e+03 3.85000000e+00
 1.98900000e+03 3.75000000e+00
 1.98925000e+03 NaN
 1.98950000e+03 NaN
 1.98975000e+03 3.70000000e+00
 1.99000000e+03 3.45000000e+00
 1.99025000e+03 3.71000000e+00
 1.99050000e+03 NaN
 1.99075000e+03 3.65000000e+00
 1.99100000e+03 3.55000000e+00
 1.99125000e+03 3.58000000e+00
 1.99150000e+03 NaN
 1.99175000e+03 3.50000000e+00
 1.99200000e+03 3.20000000e+00
 1.99225000e+03 3.40000000e+00
 1.99250000e+03 3.25000000e+00
 1.99275000e+03 3.10000000e+00
 1.99300000e+03 3.00000000e+00
 1.99325000e+03 3.20000000e+00
 1.99350000e+03 2.95000000e+00
 1.99375000e+03 2.95000000e+00
 1.99400000e+03 2.95000000e+00
 1.99425000e+03 3.00000000e+00
 1.99450000e+03 3.00000000e+00
 1.99475000e+03 3.00000000e+00
 1.99500000e+03 2.80000000e+00
 1.99525000e+03 2.85000000e+00
 1.99550000e+03 2.70000000e+00
 1.99575000e+03 2.50000000e+00
 1.99600000e+03 2.50000000e+00
 1.99625000e+03 2.50000000e+00
 1.99650000e+03 2.50000000e+00
 1.99675000e+03 2.50000000e+00
 1.99700000e+03 2.50000000e+00
 1.99725000e+03 2.35000000e+00
 1.99750000e+03 2.50000000e+00
 1.99775000e+03 2.15000000e+00
 1.99800000e+03 2.10000000e+00
 1.99825000e+03 2.00000000e+00
 1.99850000e+03 2.00000000e+00
 1.99875000e+03 2.00000000e+00
 1.99900000e+03 1.80000000e+00
 1.99925000e+03 2.00000000e+00
 1.99950000e+03 2.00000000e+00
 1.99975000e+03 2.00000000e+00
 2.00000000e+03 2.00000000e+00
 2.00025000e+03 2.00000000e+00
 2.00050000e+03 2.00000000e+00
 2.00075000e+03 2.00000000e+00
 2.00100000e+03 2.00000000e+00
 2.00125000e+03 2.00000000e+00
 2.00150000e+03 2.00000000e+00
 2.00175000e+03 2.05000000e+00
 2.00200000e+03 2.00000000e+00
 2.00225000e+03 2.00000000e+00
 2.00250000e+03 2.00000000e+00
 2.00275000e+03 1.95000000e+00
 2.00300000e+03 2.00000000e+00
 2.00325000e+03 2.00000000e+00
 2.00350000e+03 2.00000000e+00
 2.00375000e+03 2.00000000e+00
 2.00400000e+03 2.00000000e+00
 2.00425000e+03 2.00000000e+00
 2.00450000e+03 2.00000000e+00
 2.00475000e+03 2.00000000e+00
 2.00500000e+03 1.95000000e+00
 2.00525000e+03 2.00000000e+00
 2.00550000e+03 2.00000000e+00
 2.00575000e+03 2.00000000e+00
 2.00600000e+03 2.00000000e+00
 2.00625000e+03 2.00000000e+00
 2.00650000e+03 2.00000000e+00
 2.00675000e+03 2.00000000e+00
 2.00700000e+03 1.85000000e+00
 2.00725000e+03 1.90000000e+00
 2.00750000e+03 1.90000000e+00
 2.00775000e+03 1.90000000e+00
 2.00800000e+03 2.00000000e+00
 2.00825000e+03 2.00000000e+00
 2.00850000e+03 2.00000000e+00
