2.136504901199600681e+00 2.555635238660748598e+00 4.559999999999999609e+00
6.118993614234113920e-02 3.265144157461280727e+00 4.913333333333333108e+00
5.582964596407009594e-01 3.848496313692213899e+00 5.410000000000000142e+00
5.185379851639027038e-01 3.337325676427384202e+00 5.563333333333332575e+00
5.505030632276657343e-01 1.658278951882626417e+00 4.823333333333334139e+00
-3.125983303526709278e-01 2.036500553746102060e+00 3.990000000000000213e+00
4.498203894276002757e-01 3.809248589643904559e+00 3.893333333333333091e+00
2.976727865830071096e-01 4.423192878260591598e+00 4.173333333333332895e+00
1.629951004070790077e+00 4.416251504686969476e+00 4.790000000000000036e+00
1.318321346126822391e+00 4.183556515806100329e+00 5.983333333333333393e+00
3.646027802840308141e-01 3.916999730427606075e+00 5.946666666666666323e+00
-8.270812357318391150e-02 5.604365441665869696e+00 5.916666666666666963e+00
1.105463906386603412e+00 4.102804342518120428e+00 6.566666666666666430e+00
-1.034381689398742310e-01 5.060243212697033144e+00 8.326666666666666217e+00
2.304663603609924394e-01 5.576289457976814745e+00 8.983333333333332504e+00
-9.718784825629427360e-01 5.118812216709757834e+00 8.939999999999999503e+00
-6.670400589023302018e-01 5.599259119865952705e+00 8.573333333333332362e+00
-3.915128877335973812e-01 5.540487320544941419e+00 7.886666666666666714e+00
3.487720941270708863e-01 3.265776114867362079e+00 6.706666666666666998e+00
-1.660878546183539584e+00 5.257468896220123256e+00 5.566666666666667318e+00
2.121990056250069756e+00 6.029767475082335793e+00 3.856666666666666909e+00
-2.956863462361525308e-02 5.217928282690252217e+00 4.566666666666666430e+00
2.666548393970060715e-01 4.052577372161681346e+00 5.476666666666666572e+00
-3.311576991768561129e-01 3.320098152015131365e+00 4.750000000000000000e+00
6.945106927363440263e-01 6.030394469177650763e+00 3.546666666666666856e+00
1.718979635675282225e+00 2.481840438243553493e+00 4.299999999999999822e+00
4.099204394343587410e-01 3.811640766291355398e+00 4.743333333333333179e+00
1.182692240947972095e+00 5.070537416303339207e+00 5.146666666666666501e+00
1.929995806289639404e+00 4.581272012335763755e+00 6.536666666666666181e+00
5.666246388547051538e-01 6.097803001132572120e+00 7.816666666666667318e+00
-1.043043913802534917e+00 7.719439686009151202e+00 1.056000000000000050e+01
4.390622175213820810e-01 7.883804369570592385e+00 9.996666666666666146e+00
-1.375350425372516838e+00 7.487774620248361046e+00 9.323333333333332362e+00
-2.714210062613346963e-01 9.334258712119407164e+00 1.125000000000000000e+01
-1.450110284473453248e+00 1.155759803335586255e+01 1.208999999999999808e+01
-8.893101280472137660e-01 1.159831922355906286e+01 9.346666666666665790e+00
-1.709095562371203414e+00 8.984773085711173835e+00 6.303333333333333677e+00
2.391795173434729804e-01 5.902204511346760718e+00 5.420000000000000817e+00
1.128206296489793203e+00 7.001486469710234140e+00 6.159999999999999254e+00
8.456115514860584881e-01 6.632645249694108180e+00 5.413333333333333108e+00
1.746382364677401711e+00 4.214810208786447632e+00 4.826666666666667105e+00
2.814942890979637014e-01 4.004346769646797810e+00 5.196666666666666323e+00
6.499144308452287078e-02 5.142637026659975241e+00 5.283333333333333215e+00
2.789888900648520575e-01 7.095362950459745299e+00 4.873333333333333073e+00
7.375016766833368820e-01 6.397375318531313582e+00 4.660000000000000142e+00
1.456877468337779646e+00 5.597893526141936249e+00 5.156666666666666288e+00
1.299501811911341065e+00 4.842151776932972496e+00 5.820000000000000284e+00
-4.425779026051941401e-01 8.545192893828069458e+00 6.513333333333332753e+00
-1.102408235766461075e-01 5.777151405827417818e+00 6.756666666666666821e+00
3.359220290086454952e+00 7.571563149448647501e+00 7.283333333333334103e+00
5.436203862562933864e-01 6.732810076676172706e+00 8.099999999999999645e+00
8.685300750654505464e-01 8.113022206904828337e+00 9.583333333333333925e+00
-2.685898931573547088e-01 7.215941090375623368e+00 1.007333333333333414e+01
-3.142087071255446062e-01 9.680187718574501332e+00 1.017999999999999972e+01
2.836791274937695562e-01 8.657008168726271435e+00 1.094666666666666721e+01
-2.664594338917822824e-01 7.354113908298703706e+00 1.357666666666666622e+01
-1.112376506179089120e-01 8.311035334294579968e+00 1.504666666666666686e+01
-2.473010385503926045e+00 9.407867081449939661e+00 1.268666666666666742e+01
-5.331944036645381857e-01 8.835900312323346384e+00 9.836666666666666003e+00
1.501553205882373732e+00 1.029147298716693903e+01 1.585333333333333350e+01
1.594108799180389724e+00 1.039815280859417790e+01 1.656999999999999673e+01
-1.073125120681879707e+00 7.847447155053815848e+00 1.778000000000000114e+01
8.522277583555251113e-01 7.456825262647178931e+00 1.757666666666666444e+01
-1.433932971277840807e+00 6.857795810963660088e+00 1.358666666666666600e+01
-1.861609352941627549e+00 5.465913178172590925e+00 1.422666666666666657e+01
1.506616037593175861e-01 5.162851822677306579e+00 1.451333333333333364e+01
-6.742362027230228705e-01 5.630686955584625508e+00 1.100666666666666771e+01
-2.635277779081661720e-01 4.123623558468127115e+00 9.286666666666667069e+00
1.044349926847644383e+00 3.011486499902186864e+00 8.653333333333332433e+00
1.989735599545156219e+00 2.957470376160724612e+00 8.803333333333332789e+00
1.696921018584362173e+00 4.231931482263300737e+00 9.459999999999999076e+00
1.777977974220107171e+00 3.021050948854602680e+00 9.429999999999999716e+00
1.520464943413003311e+00 4.026091743845490178e+00 9.686666666666665648e+00
1.459104876627748126e+00 3.409209048520288832e+00 1.055666666666666664e+01
6.929466707359779321e-01 3.538507878414013597e+00 1.139000000000000057e+01
5.138884147336284514e-01 2.984808645232202462e+00 9.266666666666667496e+00
7.444889366581719514e-01 3.933080637234745325e+00 8.476666666666666572e+00
6.380435163124502651e-01 2.566427801483603499e+00 7.923333333333332895e+00
1.253486247564751466e+00 2.403950288519379530e+00 7.900000000000001243e+00
4.454108268448635499e-01 2.229757659367310740e+00 8.103333333333333499e+00
4.360007037316790957e-01 1.986087002890185582e+00 7.826666666666667105e+00
1.742989547778961423e-01 1.515536038811011066e+00 6.919999999999999041e+00
6.672865868513326859e-01 1.631789771231224595e+00 6.206666666666666998e+00
2.431672960016157958e-01 2.174929343348826372e+00 6.266666666666666607e+00
3.923487719349623148e-01 2.532014144546169021e+00 6.219999999999999751e+00
7.848925333112219960e-01 2.762602942539692297e+00 6.649999999999999467e+00
5.961399501245523425e-01 3.016288142323809041e+00 6.843333333333333712e+00
1.456354424115374968e+00 3.174012164591059282e+00 6.916666666666666963e+00
2.429572868931018093e-01 3.121508909409696830e+00 6.663333333333333997e+00
1.076185062805052439e+00 3.874752188314615431e+00 7.156666666666666288e+00
3.399263680660169484e-01 4.754220940419161323e+00 7.983333333333333393e+00
1.100509345889690849e+00 3.445523382026553616e+00 8.469999999999998863e+00
7.315252191914396462e-01 4.143394561833551037e+00 9.443333333333333357e+00
5.424208218888679767e-01 4.238197857633649868e+00 9.726666666666666572e+00
5.104909287559848963e-01 2.911045629916853894e+00 9.083333333333333925e+00
-2.547647997539570497e-02 2.838473387368782852e+00 8.613333333333333286e+00
2.869377921554132627e-01 4.293605684499205211e+00 8.250000000000000000e+00
1.520610589874422658e-01 4.456076065645060424e+00 8.243333333333332291e+00
-1.641993170705973171e-01 3.414478829321637043e+00 8.160000000000000142e+00
-1.185456518955902538e+00 2.963945129523629429e+00 7.743333333333332291e+00
-6.821976008515093781e-01 3.901686978218665836e+00 6.426666666666666750e+00
5.750814086820810189e-01 2.925886829185444071e+00 5.863333333333334174e+00
2.600771999507287546e-01 3.110445028095713660e+00 5.643333333333333535e+00
7.131372396213464526e-02 2.371208609220649688e+00 4.816666666666666430e+00
9.689521687117803594e-01 1.483140007852296050e+00 4.023333333333333428e+00
8.538564096264735781e-01 2.396200743618096318e+00 3.769999999999999574e+00
7.148729359174694764e-01 1.949367937551762076e+00 3.256666666666666377e+00
7.318778673363794951e-01 2.741517378702005292e+00 3.036666666666666625e+00
-8.567036693841600936e-02 2.237152148845717115e+00 3.039999999999999591e+00
3.495090040594277525e-01 2.370256220424069138e+00 3.000000000000000000e+00
2.130188999025222074e-01 2.373653109360247981e+00 3.060000000000000053e+00
1.067857000905860332e+00 2.175533555983132583e+00 2.989999999999999769e+00
7.284574195232380589e-01 1.906105141289636151e+00 3.213333333333333375e+00
1.123502651810099451e+00 1.925566710027834860e+00 3.939999999999999947e+00
3.145016473549731018e-01 2.290576131000479077e+00 4.486666666666667247e+00
8.599474447192960724e-01 2.164810246589275344e+00 5.166666666666666963e+00
2.118549352633181115e-01 2.158763953518716860e+00 5.809999999999999609e+00
8.906778091977685108e-02 1.918468905397205493e+00 6.019999999999999574e+00
5.895474638761015740e-01 1.964840063656659863e+00 5.796666666666666856e+00
4.031331200467320741e-01 1.922081980158384829e+00 5.719999999999998863e+00
5.335256799917260651e-01 1.923888964792531686e+00 5.363333333333333286e+00
1.402459600783004134e+00 1.651885755439467030e+00 5.243333333333333179e+00
6.086280654227493869e-01 1.306788665792551818e+00 5.306666666666667531e+00
7.309365816497574997e-01 2.134151404058725721e+00 5.280000000000000249e+00
1.787981517070420523e-01 2.376593017413494824e+00 5.276666666666667282e+00
1.431345697043411747e+00 8.088218225920875692e-01 5.523333333333333428e+00
9.814790130803885404e-01 1.730766762767811384e+00 5.533333333333332327e+00
5.759135991315815772e-01 1.311889156782809263e+00 5.506666666666666821e+00
7.693735419909444317e-01 5.822767242824087308e-01 5.520000000000000462e+00
6.723417220021019602e-01 9.437299019858772509e-01 5.500000000000000000e+00
9.632650572963257218e-01 1.716455740300312893e+00 5.533333333333334103e+00
1.304115520032837594e+00 1.101447668975861660e+00 4.860000000000000320e+00
5.650795496462706069e-01 1.504287006517683656e+00 4.733333333333333393e+00
4.979768770398322886e-01 1.446161691466069099e+00 4.746666666666667034e+00
1.006560334841424265e+00 1.367719771221235003e+00 5.093333333333333712e+00
1.389329976309568337e+00 2.144329653586948936e+00 5.306666666666667531e+00
-1.031273095341475710e+00 2.712156058236681044e+00 5.676666666666666750e+00
1.505040969077640511e+00 2.416583309447878580e+00 6.273333333333333428e+00
-1.848451283173062620e-01 2.274392389121900226e+00 6.519999999999999574e+00
3.200438185909888489e-01 2.109129141532174234e+00 6.473333333333333606e+00
-5.384332435180567700e-01 2.436576328644288747e+00 5.593333333333333712e+00
2.868590857459594190e-01 2.411784229775335575e+00 4.326666666666667105e+00
-7.348551025488632149e-01 1.608148101574722544e+00 3.496666666666666590e+00
-4.778905491866680677e-02 1.317761000139301197e+00 2.133333333333333304e+00
6.154607844251813731e-01 1.318400954746077769e+00 1.733333333333333171e+00
3.551350529903629649e-01 1.427917775040242310e+00 1.750000000000000000e+00
1.383484946599082832e-01 1.841808025263485638e+00 1.739999999999999991e+00
-1.547917583989146806e-01 2.259781997735880399e+00 1.443333333333333357e+00
-1.609265303544589187e-01 1.813308416371950393e+00 1.250000000000000000e+00
5.550645434725538507e-01 1.173528302163009185e+00 1.246666666666666812e+00
1.349929066241315923e+00 2.162717872727566881e+00 1.016666666666666607e+00
7.977676760617669061e-01 2.357869080523903982e+00 9.966666666666665897e-01
4.961931511212469559e-01 2.964910204489386469e+00 1.003333333333333188e+00
4.819390543958661510e-01 3.250891209574201302e+00 1.010000000000000009e+00
6.244601633462707468e-01 2.604397027967610967e+00 1.433333333333333348e+00
6.672980790003748552e-01 3.073190419129775197e+00 1.949999999999999956e+00
8.249922875456832116e-01 3.156265831605908012e+00 2.469999999999999751e+00
1.782790651684535987e-01 2.791454747398037117e+00 2.943333333333333357e+00
5.563342258137708995e-01 3.602287775976456441e+00 3.459999999999999520e+00
2.883683368260108182e-01 3.204156190961945150e+00 3.979999999999999982e+00
1.071970442790643574e+00 2.783857719702833577e+00 4.456666666666666998e+00
-5.986789676046555542e-02 3.330391000082549624e+00 4.906666666666667176e+00
-1.661461250080265017e-01 2.790404644036476256e+00 5.246666666666667034e+00
5.303626909326339955e-01 1.473834515356706287e+00 5.246666666666667034e+00
-1.742746520868649895e-01 3.914058503603567107e+00 5.256666666666666821e+00
2.932202376324539728e-01 2.578143690354885553e+00 5.250000000000000000e+00
2.277991382102300122e-01 2.053203987239738737e+00 5.073333333333333250e+00
3.887625812121768831e-01 1.587773234907812636e+00 4.759999999999999787e+00
