9.689521687117803594e-01 1.483140007852296050e+00 4.023333333333333428e+00
8.538564096264735781e-01 2.396200743618096318e+00 3.769999999999999574e+00
7.148729359174694764e-01 1.949367937551762076e+00 3.256666666666666377e+00
7.318778673363794951e-01 2.741517378702005292e+00 3.036666666666666625e+00
-8.567036693841600936e-02 2.237152148845717115e+00 3.039999999999999591e+00
3.495090040594277525e-01 2.370256220424069138e+00 3.000000000000000000e+00
2.130188999025222074e-01 2.373653109360247981e+00 3.060000000000000053e+00
1.067857000905860332e+00 2.175533555983132583e+00 2.989999999999999769e+00
7.284574195232380589e-01 1.906105141289636151e+00 3.213333333333333375e+00
1.123502651810099451e+00 1.925566710027834860e+00 3.939999999999999947e+00
3.145016473549731018e-01 2.290576131000479077e+00 4.486666666666667247e+00
8.599474447192960724e-01 2.164810246589275344e+00 5.166666666666666963e+00
2.118549352633181115e-01 2.158763953518716860e+00 5.809999999999999609e+00
8.906778091977685108e-02 1.918468905397205493e+00 6.019999999999999574e+00
5.895474638761015740e-01 1.964840063656659863e+00 5.796666666666666856e+00
4.031331200467320741e-01 1.922081980158384829e+00 5.719999999999998863e+00
5.335256799917260651e-01 1.923888964792531686e+00 5.363333333333333286e+00
1.402459600783004134e+00 1.651885755439467030e+00 5.243333333333333179e+00
6.086280654227493869e-01 1.306788665792551818e+00 5.306666666666667531e+00
7.309365816497574997e-01 2.134151404058725721e+00 5.280000000000000249e+00
1.787981517070420523e-01 2.376593017413494824e+00 5.276666666666667282e+00
1.431345697043411747e+00 8.088218225920875692e-01 5.523333333333333428e+00
9.814790130803885404e-01 1.730766762767811384e+00 5.533333333333332327e+00
5.759135991315815772e-01 1.311889156782809263e+00 5.506666666666666821e+00
7.693735419909444317e-01 5.822767242824087308e-01 5.520000000000000462e+00
6.723417220021019602e-01 9.437299019858772509e-01 5.500000000000000000e+00
9.632650572963257218e-01 1.716455740300312893e+00 5.533333333333334103e+00
1.304115520032837594e+00 1.101447668975861660e+00 4.860000000000000320e+00
5.650795496462706069e-01 1.504287006517683656e+00 4.733333333333333393e+00
4.979768770398322886e-01 1.446161691466069099e+00 4.746666666666667034e+00
1.006560334841424265e+00 1.367719771221235003e+00 5.093333333333333712e+00
1.389329976309568337e+00 2.144329653586948936e+00 5.306666666666667531e+00
-1.031273095341475710e+00 2.712156058236681044e+00 5.676666666666666750e+00
1.505040969077640511e+00 2.416583309447878580e+00 6.273333333333333428e+00
-1.848451283173062620e-01 2.274392389121900226e+00 6.519999999999999574e+00
3.200438185909888489e-01 2.109129141532174234e+00 6.473333333333333606e+00
-5.384332435180567700e-01 2.436576328644288747e+00 5.593333333333333712e+00
2.868590857459594190e-01 2.411784229775335575e+00 4.326666666666667105e+00
-7.348551025488632149e-01 1.608148101574722544e+00 3.496666666666666590e+00
-4.778905491866680677e-02 1.317761000139301197e+00 2.133333333333333304e+00
6.154607844251813731e-01 1.318400954746077769e+00 1.733333333333333171e+00
3.551350529903629649e-01 1.427917775040242310e+00 1.750000000000000000e+00
1.383484946599082832e-01 1.841808025263485638e+00 1.739999999999999991e+00
-1.547917583989146806e-01 2.259781997735880399e+00 1.443333333333333357e+00
-1.609265303544589187e-01 1.813308416371950393e+00 1.250000000000000000e+00
5.550645434725538507e-01 1.173528302163009185e+00 1.246666666666666812e+00
1.349929066241315923e+00 2.162717872727566881e+00 1.016666666666666607e+00
7.977676760617669061e-01 2.357869080523903982e+00 9.966666666666665897e-01
4.961931511212469559e-01 2.964910204489386469e+00 1.003333333333333188e+00
4.819390543958661510e-01 3.250891209574201302e+00 1.010000000000000009e+00
6.244601633462707468e-01 2.604397027967610967e+00 1.433333333333333348e+00
6.672980790003748552e-01 3.073190419129775197e+00 1.949999999999999956e+00
8.249922875456832116e-01 3.156265831605908012e+00 2.469999999999999751e+00
1.782790651684535987e-01 2.791454747398037117e+00 2.943333333333333357e+00
5.563342258137708995e-01 3.602287775976456441e+00 3.459999999999999520e+00
2.883683368260108182e-01 3.204156190961945150e+00 3.979999999999999982e+00
1.071970442790643574e+00 2.783857719702833577e+00 4.456666666666666998e+00
-5.986789676046555542e-02 3.330391000082549624e+00 4.906666666666667176e+00
-1.661461250080265017e-01 2.790404644036476256e+00 5.246666666666667034e+00
5.303626909326339955e-01 1.473834515356706287e+00 5.246666666666667034e+00
-1.742746520868649895e-01 3.914058503603567107e+00 5.256666666666666821e+00
2.932202376324539728e-01 2.578143690354885553e+00 5.250000000000000000e+00
2.277991382102300122e-01 2.053203987239738737e+00 5.073333333333333250e+00
3.887625812121768831e-01 1.587773234907812636e+00 4.759999999999999787e+00
