5.328178690097649939e-02
4.545267316046664591e-02
4.259434695801352089e-02
3.962728992498493891e-02
3.724644588972760711e-02
2.670007126503553055e-02
2.499771866086097916e-02
2.124543848863908596e-02
3.016228793214609932e-02
3.555356200771399994e-02
3.196188082308951822e-02
2.451861633057735718e-02
2.922243433653781003e-02
2.207253818325127445e-02
1.912718241418366605e-02
5.252609306971288763e-03
-4.727066512863773405e-03
-1.131396101817872153e-02
-9.760571948454253507e-03
-2.787161521174078005e-02
-8.337122161613721300e-03
-1.029335155423949204e-02
-9.493126277337721533e-03
-1.460004107216954922e-02
-3.920850802820434293e-03
1.093964540830741003e-02
1.269353959517476906e-02
2.159901881135651777e-02
3.814093708241418634e-02
4.064568156132419841e-02
2.694873620946855106e-02
2.778986742659900894e-02
1.044591981705554444e-02
4.076581880690073080e-03
-1.402577371425667643e-02
-2.636985071130163241e-02
-4.680722949013494533e-02
-4.764765945108685730e-02
-3.850503007258329613e-02
-3.290898773778786618e-02
-1.837928836152600068e-02
-1.884256319576886260e-02
-2.131955237647727153e-02
-2.211052985151837000e-02
-1.856393628806378773e-02
-7.634764200125859074e-03
1.868532536793033856e-03
-6.644237799088308430e-03
-1.212316820409707792e-02
1.703335398830358241e-02
1.812125930817073266e-02
2.248735975009371474e-02
1.512605181944700825e-02
7.616743103744134415e-03
7.184941138363563906e-03
2.666888049588382083e-03
-3.028552200283985362e-04
-2.624060850454642754e-02
-3.155513523369204987e-02
-1.762158502349971817e-02
-3.571705064307430146e-03
-1.699998148041721030e-02
-1.163453046131719161e-02
-2.963950685559382098e-02
-5.275306406882093735e-02
-5.596883986527484423e-02
-6.781593285634651691e-02
-7.564527409689590642e-02
-7.071121596486706906e-02
-5.648795079627580429e-02
-4.512984256021598806e-02
-3.316933627379815147e-02
-2.273907462218651560e-02
-1.476765097058203684e-02
-1.446377809767845045e-02
-1.565561084830422584e-02
-1.534347764745624607e-02
-1.588654636291868608e-02
-9.962977918907040334e-03
-1.165192250223005647e-02
-1.131364675171492480e-02
-1.565460526191356921e-02
-1.488043114005810179e-02
-1.818025896704684660e-02
-1.928909581937704801e-02
-1.695579498222877027e-02
-1.660235188635812709e-02
-7.796306907731189069e-03
-1.072744669801157201e-02
-5.699149719909893559e-03
-7.777198349717446765e-03
-2.407120438601159738e-03
-5.995297485619607749e-05
-1.527068971052731629e-04
-3.813231925664875848e-04
-5.864353731715613548e-03
-2.207426170615302448e-03
-5.594871636692366756e-03
-1.166732624658701860e-02
-2.728747595838758311e-02
-3.824721556225239155e-02
-3.654358503451499152e-02
-3.743431767460923126e-02
-3.984614067925217051e-02
-3.382484406215298389e-02
-2.897339013233434304e-02
-2.518558887312884881e-02
-2.090111413387516284e-02
-2.538940787823797465e-02
-2.585861366056202079e-02
-2.741236400211368579e-02
-2.027052328689947155e-02
-1.700157008429823216e-02
-9.930050535544089271e-03
-1.056520174811871257e-02
-5.674665210673829688e-03
-8.632598914417680472e-03
-1.220195184417941295e-02
-1.029567196899532425e-02
-1.020184290205262100e-02
-9.486956874314717361e-03
-1.291632746812921531e-04
1.092105715752451130e-03
3.235786262148920671e-03
1.031481663727225849e-03
8.501671196941186157e-03
1.152900220493883673e-02
1.040266420956978584e-02
1.043920310140899858e-02
9.532199104388140373e-03
1.176024262774718124e-02
1.749104339020553581e-02
1.649180580093446633e-02
1.371726792105942318e-02
1.622990118093053588e-02
2.251112554209713443e-02
1.553181519622139940e-02
2.335801567658059297e-02
1.477617477802132574e-02
1.154429782944814235e-02
-3.235589389027718763e-04
-3.023760687430917214e-03
-1.525355066558936254e-02
-2.016105395881348170e-02
-1.869488820326031461e-02
-1.962297582452988617e-02
-2.196551172105281127e-02
-2.707560689214491903e-02
-2.812942441560034243e-02
-2.616962670074526182e-02
-1.593068683346545236e-02
-1.116579343549523214e-02
-1.259567662798583183e-02
-1.184832749520505456e-02
-9.396688063008487579e-03
-6.445075728174968002e-03
-2.267105391997380030e-03
-4.234972910299114775e-03
-1.748456180018507491e-03
-1.619168363282686308e-03
5.662222532245336955e-03
2.274537003853519153e-03
-1.574045084899486141e-03
1.865377210445507902e-03
-6.140188831666777312e-04
2.778474023037447995e-04
8.842838195264489040e-04
2.218727047828091513e-03
